25Mg(p,g)26Alm
********************************************************************************************************************************************************************
1H              ! Zproj                           (or nuclide's name to use AME2020)
25Mg            ! Ztarget
0               ! Zexitparticle                   (=0 when only 2 channels open)
1H              ! Aproj                           (input either NUCLEAR MASS in amu, or the nuclide's name, e.g. 23Na)
25Mg            ! Atarget   
0               ! Aexitparticle                   (=0 when only 2 channels open)
1H              ! Jproj                           (or nuclide's name to use NuBase 2020)
25Mg            ! Jtarget
0               ! Jexitparticle                   (=0 when only 2 channels open)
AME             ! projectile separation energy    (NUCLEAR Q value; enter AME if nuclide names are used)
AME             ! exit particle separation energy (=0 when only 2 channels open; enter AME if nuclide names are used)
1.25            ! Radius parameter R0 (fm)
2               ! Gamma-ray channel number        (=2 if ejectile is a g-ray; =3 otherwise)
********************************************************************************************************************************************************************
1.0             ! Minimum energy for numerical integration (keV)
50000           ! Number of random samples (>5000 for better statistics)
0               ! =0 for rate output at all temperatures; =NT for rate output at selected temperatures
1 0             ! (wg, E): =0 for no correlation; =1 for correlation
********************************************************************************************************************************************************************
Non-resonant table  
Enter comma-separated energies (keV) on 1st line, S-factors (keV.b) on 2nd line, and fractional uncertainties on 3rd line
0.0     5.0      105     205     405      705      1005     1505     2005     3005     3505     4005    4505    4905
12.5    12.5     12.5    12.6    12.7     12.9     13.1     13.5     13.8     14.4     14.6     14.9    15.1    15.2     
-1.3    -1.3     -1.3    -1.3    -1.3     -1.3     -1.3     -1.3     -1.3     -1.3     -1.3     -1.3    -1.3    -1.3
0  0
0  0
0  0
********************************************************************************************************************************************************************
Resonant Contribution
Note: G1 = entrance channel, G2 = exit channel, G3 = spectator channel !! Ecm, Exf in (keV); wg, Gx in (eV) !!
Note: if Er<0, theta^2=C2S*theta_sp^2 must be entered instead of entrance channel partial width; negative values of Dwg, DGx indicate factor uncertainties
Ecm(keV) DEcm(keV)  wg(eV)    Dwg(eV)    J     G1(eV)    DG1(eV)   L1    G2(eV)  DG2(eV)  L2   G3(eV)  DG3(eV)  L3    Exf(keV)   Int   Corr/Frac
  38.27  0.11       0         0          4     0.61e-21  -3        2     1       0.001    1    0       0        0     0.0         0
  58.80  0.11       0         0          3     1.9e-13   -2        0     1       0.001    1    0       0        0     0.0         0
 109.27  0.13       0         0          0     0.93e-10  -2        2     1       0.001    1    0       0        0     0.0         0
  93.45  0.22       7.6e-11   -2.0       0     0         0         0     0       0        0    0       0        0     0.0         0
 190.75  0.11       2.3e-7    2.5e-8     0     0         0         0     0       0        0    0       0        0     0.0         0  
 245.49  0.11       1.2e-6    1.4e-7     0     0         0         0     0       0        0    0       0        0     0.0         0  
 293.13  0.18       1.1e-5    1.3e-6     0     0         0         0     0       0        0    0       0        0     0.0         0     
 305.2   0.1        0.0035    0.00040    0     0         0         0     0       0        0    0       0        0     0.0         0  
 375.12  0.10706	0.019525  0.0022000  0     0         0         0     0       0        0    0       0        0     0.0         0    
 418.93  0.10706	0.0021    0.00014    0     0         0         0     0       0        0    0       0        0     0.0         0  
 478.53  0.095189	0.026400  0.0033000  0     0         0         0     0       0        0    0       0        0     0.0         0    w
 484.11  0.090338	0.0047500 0.00058333 0     0         0         0     0       0        0    0       0        0     0.0         0    w
 495.96  0.090338	0.017883  0.0027750  0     0         0         0     0       0        0    0       0        0     0.0         0    w
 496.44  0.17933	0.0090083 0.0035250  0     0         0         0     0       0        0    0       0        0     0.0         0    w
 512.71  0.12108	0.0099000 0.0018333  0     0         0         0     0       0        0    0       0        0     0.0         0    w
 546.31  0.13661	0.12350	  0.013000   0     0         0         0     0       0        0    0       0        0     0.0         0    w
 569.23  0.11385	0.0035000 0.0015000  0     0         0         0     0       0        0    0       0        0     0.0         0    w
 570.67  0.1008	    0.086667  0.0066667  0     0         0         0     0       0        0    0       0        0     0.0         0    w
 586.66  0.090338	9.916e-05 4.0833e-05 0     0         0         0     0       0        0    0       0        0     0.0         0    w 
 631.23  0.11385	0.016575  0.0017000  0     0         0         0     0       0        0    0       0        0     0.0         0    w
 659.54  0.12108	0.060667  0.0086667  0     0         0         0     0       0        0    0       0        0     0.0         0    w
 696.03  0.12108	0.10267	  0.0093333  0     0         0         0     0       0        0    0       0        0     0.0         0    w 
 710.19  0.13661	0.0098667 0.0013333  0     0         0         0     0       0        0    0       0        0     0.0         0    w 
 746.39  0.10706	0.041333  0.0033583  0     0         0         0     0       0        0    0       0        0     0.0         0    w 
 781.24  0.17933	0.11475	  0.020250   0     0         0         0     0       0        0    0       0        0     0.0         0    w 
 788.08  0.12108	0.0090250 0.00095000 0     0         0         0     0       0        0    0       0        0     0.0         0    w 
 804.06  0.11385	0.0078000 0.00060000 0     0         0         0     0       0        0    0       0        0     0.0         0    w 
 837.18  0.095189	0.016675  0.0016917  0     0         0         0     0       0        0    0       0        0     0.0         0    w 
 848.26  0.1008	    0.084500  0.0086667  0     0         0         0     0       0        0    0       0        0     0.0         0    w 
 856.44  0.12108	0.021000  0.0017500  0     0         0         0     0       0        0    0       0        0     0.0         0    w 
 863.08  0.1008	    0.013050  0.0012083  0     0         0         0     0       0        0    0       0        0     0.0         0    w 
 893.90  0.14478	0.31000	  0.031000   0     0         0         0     0       0        0    0       0        0     0.0         0    w 
 917.97  0.12108	0.012667  0.0011667  0     0         0         0     0       0        0    0       0        0     0.0         0    w 
 933.28  0.095189	0.020625  0.0030250  0     0         0         0     0       0        0    0       0        0     0.0         0    w 
 949.16  0.21578	0.21025	  0.026583   0     0         0         0     0       0        0    0       0        0     0.0         0    w 
 981.22  0.13661	0.0032458 0.0011875  0     0         0         0     0       0        0    0       0        0     0.0         0    w 
 987.0   0.12108	0.033583  0.0032500  0     0         0         0     0       0        0    0       0        0     0.0         0    w 
1003.9   0.095189	0.31817	  0.026833   0     0         0         0     0       0        0    0       0        0     0.0         0    w 
1043.6   0.12869	0.085500  0.0090000  0     0         0         0     0       0        0    0       0        0     0.0         0    w 
1062.0   0.13661	0.095667  0.010250   0     0         0         0     0       0        0    0       0        0     0.0         0    w 
1092.7   0.095189	0.036458  0.0035000  0     0         0         0     0       0        0    0       0        0     0.0         0    w 
1094.6   0.12869	0.088667  0.0095000  0     0         0         0     0       0        0    0       0        0     0.0         0    w 
1105.4   0.11385	0.044000  0.0070000  0     0         0         0     0       0        0    0       0        0     0.0         0    w 
1120.9   0.10706	0.066000  0.0082500  0     0         0         0     0       0        0    0       0        0     0.0         0    w 
1135.4   0.16174	0.0040000 0.0016000  0     0         0         0     0       0        0    0       0        0     0.0         0    w 
1140.1   0.17933	0.020150  0.0015500  0     0         0         0     0       0        0    0       0        0     0.0         0    w 
1151.3   0.20655	0.26625	  0.023667   0     0         0         0     0       0        0    0       0        0     0.0         0    w 
1160.4   0.13661	0.14575	  0.019250   0     0         0         0     0       0        0    0       0        0     0.0         0    w 
1191.3   0.090338	0.22133	  0.029333   0     0         0         0     0       0        0    0       0        0     0.0         0    w 
1193.0   2.0016	    0.059500  0.010500   0     0         0         0     0       0        0    0       0        0     0.0         0    w 
1225.3   0.095189	0.000500  0.00020000 0     0         0         0     0       0        0    0       0        0     0.0         0    w 
1235.6   0.13661	0.19117	  0.051667   0     0         0         0     0       0        0    0       0        0     0.0         0    w 
1244.3   0.12108	0.0021000 0.00050000 0     0         0         0     0       0        0    0       0        0     0.0         0    w 
1253.7   0.26279	0.15767	  0.029333   0     0         0         0     0       0        0    0       0        0     0.0         0    w 
1257.3   0.21578	0.69333	  0.10667    0     0         0         0     0       0        0    0       0        0     0.0         0    w 
1287.7   0.12869	0.015833  0.0047500  0     0         0         0     0       0        0    0       0        0     0.0         0    w 
1292.2   0.14478	0.074917  0.0077500  0     0         0         0     0       0        0    0       0        0     0.0         0    w 
1301.0   0.12869	0.063000  0.010500   0     0         0         0     0       0        0    0       0        0     0.0         0    w 
1318.9   0.12869	0.072333  0.015500   0     0         0         0     0       0        0    0       0        0     0.0         0    w 
1323.7   0.14478	0.14900	  0.012000   0     0         0         0     0       0        0    0       0        0     0.0         0    w 
1344.0   0.40812	0.000520  0.00013000 0     0         0         0     0       0        0    0       0        0     0.0         0    w 
1458.3   0.12869	0.026000  0.0086667  0     0         0         0     0       0        0    0       0        0     0.0         0    w 
1468.7   0.1008	    0.058000  0.0080000  0     0         0         0     0       0        0    0       0        0     0.0         0    w 
1469.3   2.0016	    0.001925  0.00055000 0     0         0         0     0       0        0    0       0        0     0.0         0    w 
1510.1   0.19739	0.078000  0.019500   0     0         0         0     0       0        0    0       0        0     0.0         0    w 
1521.2   0.17047	0.011917  0.0032500  0     0         0         0     0       0        0    0       0        0     0.0         0    w 
1528.2   0.10706	0.095667  0.011667   0     0         0         0     0       0        0    0       0        0     0.0         0    w 
1561.6   0.31074	0.11717	  0.038000   0     0         0         0     0       0        0    0       0        0     0.0         0    w 
1571.0   0.17047	0.32400	  0.027000   0     0         0         0     0       0        0    0       0        0     0.0         0    w 
1576.3   0.31074	0.072000  0.012000   0     0         0         0     0       0        0    0       0        0     0.0         0    w 
1587.8   0.12108	0.72917	  0.062500   0     0         0         0     0       0        0    0       0        0     0.0         0    w 
1617.9   0.16174	0.002333  0.0011667  0     0         0         0     0       0        0    0       0        0     0.0         0    w 
1635.6   0.11385	0.27083	  0.032500   0     0         0         0     0       0        0    0       0        0     0.0         0    w 
1650.1   0.1008	    0.25333	  0.033333   0     0         0         0     0       0        0    0       0        0     0.0         0    w 
1679.2   2.0016	    0.45633	  0.046250   0     0         0         0     0       0        0    0       0        0     0.0         0    w 
1697.5   0.10706	0.075167  0.013667   0     0         0         0     0       0        0    0       0        0     0.0         0    w 
1705.0   0.12108	0.082417  0.014333   0     0         0         0     0       0        0    0       0        0     0.0         0    w 
1708.0   0.1008	    0.012000  0.0040000  0     0         0         0     0       0        0    0       0        0     0.0         0    w 
1732.6   0.31074	0.011550  0.0019250  0     0         0         0     0       0        0    0       0        0     0.0         0    w 
1743.6   0.12869	0.024750  0.0055000  0     0         0         0     0       0        0    0       0        0     0.0         0    w 
1761.0   2.0016	    0.17100	  0.033750   0     0         0         0     0       0        0    0       0        0     0.0         0    w 
1764.4   0.12108	0.0076667 0.0023333  0     0         0         0     0       0        0    0       0        0     0.0         0    w 
********************************************************************************************************************************************************************
Upper Limits of Resonances
Note: enter partial width upper limit by chosing non-zero value for PT, where PT=<theta^2> for particles and PT=<B> for g-rays [enter: "upper_limit  0"]; 
Note: for each resonance: # upper limits < # open channels! negative values of Dwg, DGx, DPT indicate factor uncertainties 
Ecm(keV) DEcm(keV) J   G1(eV)    DG1(eV) L1  PT      DPT      G2(eV)    DG2(eV)   L2   PT     DPT      G3(eV)    DG3(eV)   L3   PT    DPT      Exf(keV) Int  Frac
131.25   0.14      5   0.92e-10  0.0     2   0.001   -5.0     1.0       0.001     1    0      0        0         0         0    0     0        0.0      0
********************************************************************************************************************************************************************
Interference between Resonances [numerical integration only]
Note: + for positive, - for negative interference; +- if interference sign is unknown
Ecm(keV) DEcm(keV) Jr   G1(eV)    DG1(eV)   L1   PT   DPT    G2(eV)     DG2(eV)    L2  PT	DPT    G3(eV)    DG3(eV)   L3  PT   DPT    Exf(keV)  
!+- 
0.0      0.0       0.0  0.0       0.0       0    0.0  0.0    0.0        0.0        0   0    0.0    0.0       0.0       0   0    0.0    0.0  
0.0      0.0       0.0  0.0       0.0       0    0.0  0.0    0.0        0.0        0   0    0.0    0.0       0.0       0   0    0.0    0.0  
********************************************************************************************************************************************************************
Input file and PDF at NT selected temperatures only
Note: default values are used for Input file range if Min=Max=0.0
T9      Min     Max
0.01    0.0     0.0
0.1     0.0     0.0
********************************************************************************************************************************************************************
Comments: [Evaluator: Christian Iliadis; Date: 05/25/2023]
1. See information for 25Mg(p,g)26Al_total rate.
2. Ground state branching fractions from Endt & Rolfs 1987, Iliadis diploma thesis, Strieder et al. 2012, Lotay et al. 2022, and Dermigny et al. 2016.
3. Direct capture: experimental C2S values as tabulated in Endt 1990, but also including Li et al. 2020 for low-lying levels. C2S for each state has been
   multiplied by (1 - ground state fraction) from Endt & Rolfs 1987.
4. Er = 93 keV: (1 - f0) = 0.23(10) from weighted average of Champagne and Lotay et al. 2022; value listed in Endt & Rolfs for this level is disregarded, because
   it is inexplicable how it was estimated; to account for the uncertainty on f0, we increased the uncertainty for the isomeric-state strength to a factor of 2.

